0
-23.2048316517
-37.5462063156
-37.5462063156
-23.2048316517
-4.83471177545788E-15
23.2048316517
37.5462063156
37.5462063156
23.2048316517
9.66942355091577E-15
-23.2048316517
-37.5462063156
-37.5462063156
-23.2048316517
-1.45041353263737E-14
23.2048316517
37.5462063156
37.5462063156
23.2048316517
1.93388471018315E-14
-23.2048316517
-37.5462063156
-37.5462063156
-23.2048316517
-2.41735588772894E-14
23.2048316517
37.5462063156
37.5462063156
23.2048316517
2.90082706527473E-14
-23.2048316517
-37.5462063156
-37.5462063156
-23.2048316517
-3.38429824282052E-14
23.2048316517
37.5462063156
37.5462063156
23.2048316517
3.86776942036631E-14
-23.2048316517
-37.5462063156
-37.5462063156
-23.2048316517
-4.3512405979121E-14
23.2048316517
37.5462063156
37.5462063156
23.2048316517
4.83471177545789E-14
-23.2048316517
-37.5462063156
-37.5462063156
-23.2048316517
-1.93437343770436E-13
23.2048316517
37.5462063156
37.5462063156
23.2048316517
5.80165413054946E-14
-23.2048316517
-37.5462063156
-37.5462063156
-23.2048316517
7.74042611594467E-14
23.2048316517
37.5462063156
37.5462063156
23.2048316517
6.76859648564104E-14
-23.2048316517
-37.5462063156
-37.5462063156
-23.2048316517
-2.12776190872267E-13
23.2048316517
37.5462063156
37.5462063156
23.2048316517
7.73553884073262E-14
-23.2048316517
-37.5462063156
-37.5462063156
-23.2048316517
5.80654140576151E-14
23.2048316517
37.5462063156
37.5462063156
23.2048316517
8.70248119582419E-14
-23.2048316517
-37.5462063156
-37.5462063156
-23.2048316517
-2.32115037974099E-13
23.2048316517
37.5462063156
37.5462063156
23.2048316517
9.66942355091577E-14
-23.2048316517
-37.5462063156
-37.5462063156
-23.2048316517
3.87265669557836E-14
23.2048316517
37.5462063156
37.5462063156
23.2048316517
3.86874687540872E-13
-23.2048316517
-37.5462063156
-37.5462063156
-23.2048316517
-2.5145388507593E-13
23.2048316517
37.5462063156
37.5462063156
23.2048316517
1.16033082610989E-13
-23.2048316517
-37.5462063156
-37.5462063156
-23.2048316517
1.9387719853952E-14
23.2048316517
37.5462063156
37.5462063156
23.2048316517
-1.54808522318893E-13
-23.2048316517
-37.5462063156
-37.5462063156
-23.2048316517
-2.70792732177762E-13
23.2048316517
37.5462063156
37.5462063156
23.2048316517
1.35371929712821E-13
-23.2048316517
-37.5462063156
-37.5462063156
-23.2048316517
4.88727521204924E-17
23.2048316517
37.5462063156
37.5462063156
23.2048316517
4.25552381744535E-13
-23.2048316517
-37.5462063156
-37.5462063156
-23.2048316517
-2.90131579279594E-13
23.2048316517
37.5462063156
37.5462063156
23.2048316517
1.54710776814652E-13
-23.2048316517
-37.5462063156
-37.5462063156
-23.2048316517
-1.9289974349711E-14
23.2048316517
37.5462063156
37.5462063156
23.2048316517
-1.1613082811523E-13
-23.2048316517
-37.5462063156
-37.5462063156
-23.2048316517
-3.09470426381425E-13
23.2048316517
37.5462063156
37.5462063156
23.2048316517
1.74049623916484E-13
-23.2048316517
-37.5462063156
-37.5462063156
-23.2048316517
-3.86288214515426E-14
23.2048316517
37.5462063156
37.5462063156
23.2048316517
4.64230075948198E-13
-23.2048316517
-37.5462063156
-37.5462063156
-23.2048316517
-3.28809273483257E-13
23.2048316517
37.5462063156
37.5462063156
23.2048316517
1.93388471018315E-13
-23.2048316517
-37.5462063156
-37.5462063156
-23.2048316517
-6.18989725514971E-13
23.2048316517
37.5462063156
37.5462063156
23.2048316517
-7.74531339115671E-14
-23.2048316517
-37.5462063156
-37.5462063156
-23.2048316517
-3.48148120585088E-13
23.2048316517
37.5462063156
37.5462063156
23.2048316517
7.73749375081743E-13
-23.2048316517
-37.5462063156
-37.5462063156
-23.2048316517
-7.73065156552057E-14
23.2048316517
37.5462063156
37.5462063156
23.2048316517
5.02907770151861E-13
-23.2048316517
-37.5462063156
-37.5462063156
-23.2048316517
1.93535089274677E-13
23.2048316517
37.5462063156
37.5462063156
23.2048316517
2.32066165221978E-13
-23.2048316517
-37.5462063156
-37.5462063156
-23.2048316517
-6.57667419718634E-13
23.2048316517
37.5462063156
37.5462063156
23.2048316517
-1.1608195536311E-12
-23.2048316517
-37.5462063156
-37.5462063156
-23.2048316517
1.85726241305764E-12
23.2048316517
37.5462063156
37.5462063156
23.2048316517
-3.67574938640737E-12
-23.2048316517
-37.5462063156
-37.5462063156
-23.2048316517
4.3721922458339E-12
23.2048316517
37.5462063156
37.5462063156
23.2048316517
-5.06863510526044E-12
-23.2048316517
-37.5462063156
-37.5462063156
-23.2048316517
6.88712207861017E-12
23.2048316517
37.5462063156
37.5462063156
23.2048316517
-7.58356493803671E-12
-23.2048316517
-37.5462063156
-37.5462063156
-23.2048316517
9.40205191138644E-12
23.2048316517
37.5462063156
37.5462063156
23.2048316517
-1.0098494770813E-11
-23.2048316517
-37.5462063156
-37.5462063156
-23.2048316517
1.19169817441627E-11
23.2048316517
37.5462063156
37.5462063156
23.2048316517
-1.26134246035893E-11
-23.2048316517
-37.5462063156
-37.5462063156
-23.2048316517
1.33098674630158E-11
23.2048316517
37.5462063157
37.5462063156
23.2048316517
-1.51283544363655E-11
-23.2048316517
-37.5462063157
-37.5462063156
-23.2048316517
1.69468414097153E-11
23.2048316517
37.5462063157
37.5462063156
23.2048316517
-1.76432842691418E-11
-23.2048316517
-37.5462063157
-37.5462063156
-23.2048316517
1.94617712424915E-11
23.2048316517
37.5462063157
37.5462063156
23.2048316517
-2.12802582158413E-11
-23.2048316517
-37.5462063157
-37.5462063156
-23.2048316517
2.08546569613446E-11
23.2048316517
37.5462063157
37.5462063156
23.2048316517
-2.26731439346943E-11
-23.2048316517
-37.5462063157
-37.5462063156
-23.2048316517
2.44916309080441E-11
23.2048316517
37.5462063157
37.5462063156
23.2048316517
-2.40660296535474E-11
-23.2048316517
-37.5462063157
-37.5462063156
-23.2048316517
2.58845166268971E-11
23.2048316517
37.5462063157
37.5462063156
23.2048316517
-2.77030036002469E-11
-23.2048316517
-37.5462063157
-37.5462063156
-23.2048316517
2.95214905735966E-11
23.2048316517
37.5462063157
37.5462063156
23.2048316517
-2.90958893190999E-11
-23.2048316517
-37.5462063157
-37.5462063156
-23.2048316517
3.09143762924497E-11
23.2048316517
37.5462063157
37.5462063156
23.2048316517
-3.27328632657994E-11
-23.2048316517
-37.5462063157
-37.5462063156
-23.2048316517
3.45513502391491E-11
23.2048316517
37.5462063157
37.5462063156
23.2048316517
-3.52477930985757E-11
-23.2048316517
-37.5462063157
-37.5462063156
-23.2048316517
3.70662800719254E-11
23.2048316517
37.5462063157
37.5462063156
23.2048316517
-3.88847670452751E-11
-23.2048316517
-37.5462063157
-37.5462063156
-23.2048316517
3.84591657907785E-11
23.2048316517
37.5462063157
37.5462063156
23.2048316517
-3.9155608650205E-11
-23.2048316517
-37.5462063157
-37.5462063156
-23.2048316517
4.09740956235548E-11
23.2048316517
37.5462063157
37.5462063156
23.2048316516
-4.27925825969045E-11
-23.2048316517
-37.5462063157
-37.5462063156
-23.2048316516
4.46110695702542E-11
23.2048316517
37.5462063157
37.5462063156
23.2048316516
-4.64295565436039E-11
-23.2048316517
-37.5462063157
-37.5462063156
-23.2048316516
4.60039552891073E-11
23.2048316517
37.5462063157
37.5462063156
23.2048316516
-4.7822442262457E-11
-23.2048316517
-37.5462063157
-37.5462063156
-23.2048316516
4.96409292358068E-11
23.2048316517
37.5462063157
37.5462063156
23.2048316516
-4.92153279813101E-11
-23.2048316517
-37.5462063157
-37.5462063156
-23.2048316516
5.32779031825062E-11
23.2048316517
37.5462063157
37.5462063156
23.2048316516
-5.28523019280096E-11
-23.2048316517
-37.5462063157
-37.5462063156
-23.2048316516
5.46707889013593E-11
23.2048316517
37.5462063157
37.5462063156
23.2048316516
-5.6489275874709E-11
-23.2048316517
-37.5462063157
-37.5462063156
-23.2048316516
5.60636746202124E-11
23.2048316517
37.5462063157
37.5462063156
23.2048316516
-5.78821615935621E-11
-23.2048316517
-37.5462063157
-37.5462063156
-23.2048316516
5.97006485669118E-11
23.2048316517
37.5462063157
37.5462063156
23.2048316516
-5.92750473124152E-11
-23.2048316517
-37.5462063157
-37.5462063156
-23.2048316516
6.10935342857649E-11
23.2048316517
37.5462063157
37.5462063156
23.2048316516
-6.29120212591146E-11
-23.2048316517
-37.5462063157
-37.5462063156
-23.2048316516
6.2486420004618E-11
23.2048316517
37.5462063157
37.5462063156
23.2048316516
-6.43049069779677E-11
-23.2048316517
-37.5462063157
-37.5462063156
-23.2048316516
6.61233939513174E-11
23.2048316517
37.5462063157
37.5462063156
23.2048316516
-6.56977926968208E-11
-23.2048316517
-37.5462063157
-37.5462063156
-23.2048316516
6.97603678980169E-11
23.2048316517
37.5462063157
37.5462063156
23.2048316516
-6.93347666435202E-11
-23.2048316517
-37.5462063157
-37.5462063156
-23.2048316516
6.89091653890236E-11
23.2048316517
37.5462063157
37.5462063156
23.2048316516
-7.29717405902197E-11
-23.2048316517
-37.5462063157
-37.5462063156
-23.2048316516
7.25461393357231E-11
23.2048316517
37.5462063157
37.5462063156
23.2048316516
-7.43646263090728E-11
-23.2048316517
-37.5462063157
-37.5462063156
-23.2048316516
7.61831132824225E-11
23.2048316517
37.5462063157
37.5462063156
23.2048316516
-7.80016002557723E-11
-23.2048316517
-37.5462063157
-37.5462063156
-23.2048316516
7.9820087229122E-11
23.2048316517
37.5462063157
37.5462063156
23.2048316516
-8.16385742024717E-11
-23.2048316517
-37.5462063157
-37.5462063156
-23.2048316516
8.12129729479751E-11
23.2048316518
37.5462063157
37.5462063156
23.2048316516
-8.30314599213248E-11
-23.2048316518
-37.5462063157
-37.5462063156
-23.2048316516
8.48499468946745E-11
23.2048316518
37.5462063157
37.5462063156
23.2048316516
-8.44243456401779E-11
-23.2048316518
-37.5462063157
-37.5462063156
-23.2048316516
8.8486920841374E-11
23.2048316518
37.5462063157
37.5462063156
23.2048316516
-8.80613195868773E-11
-23.2048316518
-37.5462063157
-37.5462063156
-23.2048316516
8.76357183323807E-11

