0
0.5877852523
0.9510565163
0.9510565163
0.5877852523
1.22464679914735E-16
-0.5877852523
-0.9510565163
-0.9510565163
-0.5877852523
-2.44929359829471E-16
0.5877852523
0.9510565163
0.9510565163
0.5877852523
3.67394039744206E-16
-0.5877852523
-0.9510565163
-0.9510565163
-0.5877852523
-4.89858719658941E-16
0.5877852523
0.9510565163
0.9510565163
0.5877852523
6.12323399573677E-16
-0.5877852523
-0.9510565163
-0.9510565163
-0.5877852523
-7.34788079488412E-16
0.5877852523
0.9510565163
0.9510565163
0.5877852523
8.57252759403147E-16
-0.5877852523
-0.9510565163
-0.9510565163
-0.5877852523
-9.79717439317883E-16
0.5877852523
0.9510565163
0.9510565163
0.5877852523
1.10218211923262E-15
-0.5877852523
-0.9510565163
-0.9510565163
-0.5877852523
-1.22464679914735E-15
0.5877852523
0.9510565163
0.9510565163
0.5877852523
4.89982515786259E-15
-0.5877852523
-0.9510565163
-0.9510565163
-0.5877852523
-1.46957615897682E-15
0.5877852523
0.9510565163
0.9510565163
0.5877852523
-1.96067283990894E-15
-0.5877852523
-0.9510565163
-0.9510565163
-0.5877852523
-1.71450551880629E-15
0.5877852523
0.9510565163
0.9510565163
0.5877852523
5.38968387752153E-15
-0.5877852523
-0.9510565163
-0.9510565163
-0.5877852523
-1.95943487863577E-15
0.5877852523
0.9510565163
0.9510565163
0.5877852523
-1.47081412025E-15
-0.5877852523
-0.9510565163
-0.9510565163
-0.5877852523
-2.20436423846524E-15
0.5877852523
0.9510565163
0.9510565163
0.5877852523
5.87954259718047E-15
-0.5877852523
-0.9510565163
-0.9510565163
-0.5877852523
-2.44929359829471E-15
0.5877852523
0.9510565163
0.9510565163
0.5877852523
-9.80955400591059E-16
-0.5877852523
-0.9510565163
-0.9510565163
-0.5877852523
-9.79965031572518E-15
0.5877852523
0.9510565163
0.9510565163
0.5877852523
6.36940131683941E-15
-0.5877852523
-0.9510565163
-0.9510565163
-0.5877852523
-2.93915231795365E-15
0.5877852523
0.9510565163
0.9510565163
0.5877852523
-4.91096680932118E-16
-0.5877852523
-0.9510565163
-0.9510565163
-0.5877852523
3.92134567981788E-15
0.5877852523
0.9510565163
0.9510565163
0.5877852523
6.85926003649835E-15
-0.5877852523
-0.9510565163
-0.9510565163
-0.5877852523
-3.42901103761259E-15
0.5877852523
0.9510565163
0.9510565163
0.5877852523
-1.23796127317672E-18
-0.5877852523
-0.9510565163
-0.9510565163
-0.5877852523
-1.07793677550431E-14
0.5877852523
0.9510565163
0.9510565163
0.5877852523
7.3491187561573E-15
-0.5877852523
-0.9510565163
-0.9510565163
-0.5877852523
-3.91886975727153E-15
0.5877852523
0.9510565163
0.9510565163
0.5877852523
4.88620758385765E-16
-0.5877852523
-0.9510565163
-0.9510565163
-0.5877852523
2.9416282405E-15
0.5877852523
0.9510565163
0.9510565163
0.5877852523
7.83897747581624E-15
-0.5877852523
-0.9510565163
-0.9510565163
-0.5877852523
-4.40872847693047E-15
0.5877852523
0.9510565163
0.9510565163
0.5877852523
9.78479478044706E-16
-0.5877852523
-0.9510565163
-0.9510565163
-0.5877852523
-1.17590851943609E-14
0.5877852523
0.9510565163
0.9510565163
0.5877852523
8.32883619547518E-15
-0.5877852523
-0.9510565163
-0.9510565163
-0.5877852523
-4.89858719658941E-15
0.5877852523
0.9510565163
0.9510565163
0.5877852523
1.56791929129057E-14
-0.5877852523
-0.9510565163
-0.9510565163
-0.5877852523
1.96191080118212E-15
0.5877852523
0.9510565163
0.9510565163
0.5877852523
8.81869491513412E-15
-0.5877852523
-0.9510565163
-0.9510565163
-0.5877852523
-1.95993006314504E-14
0.5877852523
0.9510565163
0.9510565163
0.5877852523
1.95819691736259E-15
-0.5877852523
-0.9510565163
-0.9510565163
-0.5877852523
-1.27388026336788E-14
0.5877852523
0.9510565163
0.9510565163
0.5877852523
-4.90230108040894E-15
-0.5877852523
-0.9510565163
-0.9510565163
-0.5877852523
-5.8783046359073E-15
0.5877852523
0.9510565163
0.9510565163
0.5877852523
1.66589103522235E-14
-0.5877852523
-0.9510565163
-0.9510565163
-0.5877852523
2.94039027922682E-14
0.5877852523
0.9510565163
0.9510565163
0.5877852523
-4.7045006506356E-14
-0.5877852523
-0.9510565163
-0.9510565163
-0.5877852523
9.31078196508478E-14
0.5877852523
0.9510565163
0.9510565163
0.5877852523
-1.10748923364936E-13
-0.5877852523
-0.9510565163
-0.9510565163
-0.5877852523
1.28390027079023E-13
0.5877852523
0.9510565163
0.9510565163
0.5877852523
-1.74452840223515E-13
-0.5877852523
-0.9510565163
-0.9510565163
-0.5877852523
1.92093943937603E-13
0.5877852523
0.9510565163
0.9510565163
0.5877852523
-2.38156757082095E-13
-0.5877852523
-0.9510565163
-0.9510565163
-0.5877852523
2.55797860796182E-13
0.5877852523
0.9510565163
0.9510565163
0.5877852523
-3.01860673940674E-13
-0.5877852523
-0.9510565163
-0.9510565163
-0.5877852523
3.19501777654762E-13
0.5877852523
0.9510565163
0.9510565163
0.5877852523
-3.3714288136885E-13
-0.5877852523
-0.9510565163
-0.9510565163
-0.5877852523
3.83205694513342E-13
0.5877852523
0.9510565163
0.9510565163
0.5877852523
-4.29268507657833E-13
-0.5877852523
-0.9510565163
-0.9510565163
-0.5877852523
4.46909611371921E-13
0.5877852523
0.9510565163
0.9510565163
0.5877852523
-4.92972424516413E-13
-0.5877852523
-0.9510565163
-0.9510565163
-0.5877852523
5.39035237660905E-13
0.5877852523
0.9510565163
0.9510565163
0.5877852523
-5.28254631944588E-13
-0.5877852523
-0.9510565163
-0.9510565163
-0.5877852523
5.7431744508908E-13
0.5877852523
0.9510565163
0.9510565163
0.5877852523
-6.20380258233572E-13
-0.5877852523
-0.9510565163
-0.9510565163
-0.5877852523
6.09599652517256E-13
0.5877852523
0.9510565163
0.9510565163
0.5877852523
-6.55662465661747E-13
-0.5877852523
-0.9510565163
-0.9510565163
-0.5877852523
7.01725278806239E-13
0.5877852523
0.9510565163
0.9510565163
0.5877852523
-7.47788091950731E-13
-0.5877852523
-0.9510565163
-0.9510565163
-0.5877852523
7.37007486234415E-13
0.5877852523
0.9510565163
0.9510565163
0.5877852523
-7.83070299378907E-13
-0.5877852523
-0.9510565163
-0.9510565163
-0.5877852523
8.29133112523398E-13
0.5877852523
0.9510565163
0.9510565163
0.5877852523
-8.7519592566789E-13
-0.5877852523
-0.9510565163
-0.9510565163
-0.5877852523
8.92837029381978E-13
0.5877852523
0.9510565163
0.9510565163
0.5877852523
-9.3889984252647E-13
-0.5877852523
-0.9510565163
-0.9510565163
-0.5877852523
9.84962655670961E-13
0.5877852523
0.9510565163
0.9510565163
0.5877852523
-9.74182049954645E-13
-0.5877852523
-0.9510565163
-0.9510565163
-0.5877852523
9.91823153668733E-13
0.5877852523
0.9510565163
0.9510565163
0.5877852523
-1.03788596681322E-12
-0.5877852523
-0.9510565163
-0.9510565163
-0.5877852523
1.08394877995772E-12
0.5877852523
0.9510565163
0.9510565163
0.5877852523
-1.13001159310221E-12
-0.5877852523
-0.9510565163
-0.9510565163
-0.5877852523
1.1760744062467E-12
0.5877852523
0.9510565163
0.9510565163
0.5877852523
-1.16529380053038E-12
-0.5877852523
-0.9510565163
-0.9510565163
-0.5877852523
1.21135661367488E-12
0.5877852523
0.9510565163
0.9510565163
0.5877852523
-1.25741942681937E-12
-0.5877852523
-0.9510565163
-0.9510565163
-0.5877852523
1.24663882110305E-12
0.5877852523
0.9510565163
0.9510565163
0.5877852523
-1.34954505310835E-12
-0.5877852523
-0.9510565163
-0.9510565163
-0.5877852523
1.33876444739203E-12
0.5877852523
0.9510565163
0.9510565163
0.5877852523
-1.38482726053653E-12
-0.5877852523
-0.9510565163
-0.9510565163
-0.5877852523
1.43089007368102E-12
0.5877852523
0.9510565163
0.9510565163
0.5877852523
-1.4201094679647E-12
-0.5877852523
-0.9510565163
-0.9510565163
-0.5877852523
1.46617228110919E-12
0.5877852523
0.9510565163
0.9510565163
0.5877852523
-1.51223509425369E-12
-0.5877852523
-0.9510565163
-0.9510565163
-0.5877852523
1.50145448853737E-12
0.5877852523
0.9510565163
0.9510565163
0.5877852523
-1.54751730168186E-12
-0.5877852523
-0.9510565163
-0.9510565163
-0.5877852523
1.59358011482635E-12
0.5877852523
0.9510565163
0.9510565163
0.5877852523
-1.58279950911004E-12
-0.5877852523
-0.9510565163
-0.9510565163
-0.5877852523
1.62886232225453E-12
0.5877852523
0.9510565163
0.9510565163
0.5877852523
-1.67492513539902E-12
-0.5877852523
-0.9510565163
-0.9510565163
-0.5877852523
1.6641445296827E-12
0.5877852523
0.9510565163
0.9510565163
0.5877852523
-1.767050761688E-12
-0.5877852523
-0.9510565163
-0.9510565163
-0.5877852523
1.75627015597169E-12
0.5877852523
0.9510565163
0.9510565163
0.5877852523
-1.74548955025537E-12
-0.5877852523
-0.9510565163
-0.9510565163
-0.5877852523
1.84839578226067E-12
0.5877852523
0.9510565163
0.9510565163
0.5877852523
-1.83761517654435E-12
-0.5877852523
-0.9510565163
-0.9510565163
-0.5877852523
1.88367798968885E-12
0.5877852523
0.9510565163
0.9510565163
0.5877852523
-1.92974080283334E-12
-0.5877852523
-0.9510565163
-0.9510565163
-0.5877852523
1.97580361597783E-12
0.5877852523
0.9510565163
0.9510565163
0.5877852523
-2.02186642912232E-12
-0.5877852523
-0.9510565163
-0.9510565163
-0.5877852523
2.06792924226681E-12
0.5877852523
0.9510565163
0.9510565163
0.5877852523
-2.0571486365505E-12
-0.5877852523
-0.9510565163
-0.9510565163
-0.5877852523
2.10321144969499E-12
0.5877852523
0.9510565163
0.9510565163
0.5877852523
-2.14927426283948E-12
-0.5877852523
-0.9510565163
-0.9510565163
-0.5877852523
2.13849365712316E-12
0.5877852523
0.9510565163
0.9510565163
0.5877852523
-2.24139988912846E-12
-0.5877852523
-0.9510565163
-0.9510565163
-0.5877852523
2.23061928341215E-12
0.5877852523
0.9510565163
0.9510565163
0.5877852523
-2.21983867769583E-12

